MULTISKAN PLUS VERSION 2.01

ABS. MEAS.
FILTER   405

ABS.
01. XXX 1901 00:41:27

       1     2     3     4     5     6     7     8     9    10    11    12

A   1.129 0.495 0.416 0.475 0.789 0.806 0.771 0.808 0.777 0.774 0.862 0.191
B   1.092 0.341 0.416 0.464 0.794 0.786 0.769 0.744 0.669 0.760 0.894 0.269
C   1.107 0.308 0.440 0.474 0.783 0.804 0.776 0.767 0.749 0.778 0.860 0.279
D   1.093 0.283 0.349 0.338 0.577 0.680 0.553 0.680 0.618 0.551 0.845 0.119
E   0.060 0.058 0.054 0.054 0.055 0.054 0.055 0.061 0.062 0.057 0.059 0.059
F   0.065 0.059 0.054 0.058 0.056 0.056 0.056 0.056 0.056 0.057 0.056 0.059
G   0.076 0.075 0.075 0.076 0.074 0.072 0.071 0.069 0.070 0.072 0.074 0.077
H   0.075 0.074 0.073 0.073 0.073 0.069 0.073 0.074 0.072 0.072 0.069 0.071
