STANDARD CURVE 2016
--------------------

Concentrations in mM :

       1     2     3     4     5     6     7     8     9    10    11    12

A    0.00  0.03  0.06  0.09  0.12  0.15  0.18  0.21  0.24  0.27  0.30  ////
B    0.00  0.03  0.06  0.09  0.12  0.15  0.18  0.21  0.24  0.27  0.30  ////
C    0.00  0.03  0.06  0.09  0.12  0.15  0.18  0.21  0.24  0.27  0.30  ////
D    0.00  0.03  0.06  0.09  0.12  0.15  0.18  0.21  0.24  0.27  0.30  ////
E    0.00  0.03  0.06  0.09  0.12  0.15  0.18  0.21  0.24  0.27  0.30  ////
F    0.00  0.03  0.06  0.09  0.12  0.15  0.18  0.21  0.24  0.27  0.30  ////
G    0.00  0.03  0.06  0.09  0.12  0.15  0.18  0.21  0.24  0.27  0.30  ////
H    0.00  0.03  0.06  0.09  0.12  0.15  0.18  0.21  0.24  0.27  0.30  ////


Measurement :

MULTISKAN PLUS VERSION 2.01

ABS. MEAS.
FILTER   405

ABS.
01. OCT 1916 15:34:23

       1     2     3     4     5     6     7     8     9    10    11    12

A   0.038 0.119 0.195 0.261 0.344 0.420 0.481 0.574 0.615 0.714 0.748 0.040
B   0.039 0.115 0.192 0.262 0.344 0.415 0.478 0.562 0.601 0.703 0.757 0.042
C   0.040 0.116 0.187 0.269 0.342 0.416 0.484 0.563 0.608 0.698 0.745 0.042
D   0.042 0.117 0.192 0.263 0.343 0.404 0.482 0.543 0.605 0.694 0.754 0.044
E   0.043 0.117 0.192 0.263 0.343 0.407 0.481 0.561 0.616 0.692 0.760 0.042
F   0.044 0.122 0.193 0.270 0.347 0.415 0.481 0.566 0.612 0.706 0.778 0.043
G   0.041 0.116 0.188 0.267 0.344 0.412 0.474 0.567 0.632 0.695 0.783 0.041
H   0.042 0.117 0.190 0.266 0.347 0.420 0.492 0.526 0.624 0.719 0.794 0.042