MULTISKAN PLUS VERSION 2.01

ABS. MEAS.
FILTER   405

ABS.
01. XXX 1901 00:28:59

       1     2     3     4     5     6     7     8     9    10    11    12

A   0.301 0.420 0.499 0.534 0.652 0.715 0.730 0.727 0.783 0.786 0.788 0.838
B   0.296 0.402 0.490 0.505 0.612 0.647 0.694 0.708 0.739 0.761 0.769 0.832
C   0.315 0.409 0.515 0.506 0.635 0.690 0.744 0.758 0.791 0.790 0.783 0.801
D   0.306 0.412 0.543 0.574 0.647 0.679 0.738 0.770 0.778 0.840 0.856 0.882
E   0.076 0.082 0.079 0.082 0.092 0.108 0.106 0.118 0.127 0.133 0.144 0.160
F   0.071 0.076 0.080 0.078 0.092 0.097 0.106 0.117 0.129 0.135 0.139 0.152
G   0.062 0.059 0.061 0.069 0.073 0.079 0.089 0.095 0.107 0.115 0.123 0.142
H   0.059 0.057 0.069 0.061 0.073 0.078 0.086 0.095 0.104 0.122 0.121 0.140
